conv2_2,62, 28, 102, 60
pool2,100, 102, 53, 60, 62
conv3_1,103, 9, 181, 117, 249, 221
conv3_2,160, 5, 43, 57, 122, 156, 95
conv3_3,128, 132, 41, 235, 144, 124
pool3,32, 66, 198, 41, 235, 109, 144, 61
conv4_1,133, 6, 135, 393, 397, 142, 143, 271, 276, 21, 412, 413, 33, 37, 293, 430, 308, 56, 323, 451, 76, 103, 232, 488, 250, 246, 378, 125
conv4_2,0, 471, 325, 487, 392, 168, 298, 202, 76, 279, 270, 206, 207, 111, 23, 344, 377, 156, 415
conv4_3,0, 4, 140, 150, 151, 406, 410, 289, 293, 40, 43, 171, 301, 427, 305, 51, 310, 61, 66, 329, 460, 77, 468, 472, 92, 355, 359, 490, 236, 368
pool4,0, 258, 387, 4, 140, 15, 274, 150, 410, 289, 293, 40, 171, 51, 310, 191, 66, 329, 460, 468, 472, 92, 220, 350, 355, 359, 368, 369, 115
conv5_1,256, 388, 217, 199, 487, 425, 73, 250, 109, 207, 304, 433, 241, 316, 57, 410, 123, 156, 317, 350
conv5_2,192, 1, 226, 69, 326, 488, 425, 73, 236, 142, 334, 119, 87, 152, 215, 223
conv5_3,5, 399
pool5,414, 399
fc6,2465, 3386, 3267, 3804
fc7,682, 413
