conv1_1,42, 19, 4
conv1_2,4
pool1,4
conv2_2,17, 42, 60, 102
pool2,56, 42
conv3_1,9, 116, 181
conv3_2,197, 5, 106, 43, 12, 20, 149, 245, 185, 122, 223
conv3_3,32, 1, 194, 132, 133, 197, 198, 199, 73, 235, 12, 48, 117, 246, 151, 120, 218, 59, 61
pool3,128, 1, 32, 194, 36, 73, 10, 235, 173, 109, 15, 48, 146, 218, 59, 61
conv4_1,133, 142, 143, 284, 293, 428, 308, 56, 313, 59, 188, 323, 451, 76, 77, 204, 470, 473, 346, 476, 103, 232, 488, 125, 246, 123, 253, 255
conv4_2,3, 265, 397, 15, 22, 415, 417, 421, 168, 52, 437, 182, 310, 448, 202, 75, 77, 205, 207, 468, 350, 481, 357, 232, 488, 112, 369, 374, 248, 505, 509, 127
conv4_3,138, 275, 150, 279, 410, 293, 167, 40, 169, 42, 170, 300, 45, 174, 305, 51, 179, 66, 324, 325, 198, 329, 206, 215, 471, 222, 225, 98, 100, 228, 230, 104, 360, 361, 490, 494, 368, 371, 248, 250
pool4,0, 4, 138, 15, 150, 279, 410, 293, 167, 42, 300, 45, 174, 305, 51, 66, 198, 471, 98, 100, 361, 368, 250
conv5_1,257, 259, 272, 405, 290, 293, 170, 304, 185, 59, 449, 68, 71, 459, 77, 88, 96, 480, 484, 357, 364, 115, 117
conv5_2,289, 226, 168, 492, 365, 341, 246, 87, 473, 442, 27, 126
conv5_3,58, 394, 204, 13, 48, 273, 18, 304, 178, 154, 190, 511
pool5,258, 58, 394, 204, 13, 48, 273, 178, 121, 154, 190
fc6,3006
fc7,1507, 261, 489, 1775, 2960, 2449, 2417, 254, 2942
