conv1_1,4, 13, 6
conv2_2,69, 62
pool2,60, 62
conv3_1,117, 199
conv3_2,160
conv3_3,204, 174, 50, 85, 150, 59
pool3,128, 66, 73, 234, 144, 50, 85, 59
conv4_1,258, 323, 451, 133, 6, 312, 26, 59, 143, 271, 499, 308, 284, 316, 470, 504, 473, 410, 443, 188
conv4_2,194, 327, 72, 361, 392, 204, 397, 365, 111, 400, 240, 308, 309, 22, 471, 310, 502, 120
conv4_3,256, 388, 402, 21, 279, 409, 25, 33, 293, 167, 40, 170, 171, 426, 46, 174, 305, 310, 61, 448, 194, 329, 331, 339, 86, 215, 480, 98, 483, 100, 229, 360, 361, 490, 237, 495
pool4,0, 256, 15, 21, 151, 279, 417, 162, 293, 167, 40, 170, 46, 174, 305, 434, 310, 61, 448, 194, 324, 331, 86, 215, 88, 480, 353, 483, 100, 484, 360, 361, 237, 495, 242
conv5_1,257, 259, 138, 151, 280, 417, 293, 170, 304, 50, 185, 316, 317, 190, 449, 324, 198, 199, 459, 76, 206, 80, 84, 468, 88, 217, 221, 350, 96, 480, 509
conv5_2,1, 392, 142, 411, 29, 289, 421, 168, 425, 437, 442, 327, 461, 84, 341, 223, 226, 356, 101, 102, 105, 492, 495, 375
conv5_3,71, 424, 460, 110, 399, 273
pool5,258, 71, 424, 460, 110, 111, 273
fc7,3474, 2308, 2389
