conv2_2,28, 102, 60
pool2,100, 60
conv3_1,228, 103, 9, 169, 181, 221
conv3_2,152, 43, 5, 87
conv3_3,128, 197, 133, 107, 12, 144, 186, 30, 191
pool3,103, 234, 107, 122, 191
conv4_1,192, 323, 451, 133, 135, 232, 488, 267, 76, 237, 143, 271, 276, 316, 412, 479
conv4_2,448, 357, 202, 394, 204, 397, 493, 15, 207, 308, 213, 244, 373, 280, 473, 502, 120, 446, 415
conv4_3,0, 258, 404, 21, 406, 279, 168, 426, 171, 172, 51, 181, 310, 61, 319, 331, 339, 468, 218, 91, 92, 355, 228, 359, 233, 236, 246
pool4,0, 258, 274, 404, 21, 406, 279, 168, 171, 51, 61, 190, 329, 91, 92, 355, 359, 361, 236, 246, 247, 377
conv5_1,384, 224, 290, 259, 217, 293, 357, 295, 425, 459, 364, 47, 177, 50, 380, 409, 123, 284, 317, 190
conv5_2,1, 198, 423, 392, 40, 327, 73, 105, 461, 108, 492, 495, 306, 411, 84, 341, 441, 27, 221, 126
conv5_3,58, 363, 399
pool5,229, 37, 5, 38, 363, 460, 399
fc6,2308
fc7,413, 551
